</var/ftp/usrflash/Project/PMAC Script Language/Libraries/calc_vec_vars.pmc>,100000
0,5
1,6
2,7
3,8
4,9
5,11
6,14
7,17
8,19
9,20
10,21
11,22
12,23
13,26
14,27
15,28
16,29
17,30
18,31
19,32
20,34
21,36
22,37
23,38
24,40
25,41
26,42
27,43
28,44
29,46
30,47
31,50
32,51
33,54
34,56
35,57
36,58
<end>
</var/ftp/usrflash/Project/PMAC Script Language/Libraries/sync_vec_pos.pmc>,100001
0,6
1,7
2,8
3,9
4,11
5,12
6,13
7,14
8,15
9,16
10,17
11,18
12,19
13,20
<end>
</var/ftp/usrflash/Project/PMAC Script Language/Libraries/timer.pmc>,100002
0,3
1,4
2,5
<end>
</var/ftp/usrflash/Project/PMAC Script Language/PLC Programs/01-poweronreset.plc>,1
0,2
1,3
2,4
3,5
4,6
5,7
6,8
7,10
8,11
9,12
10,15
11,16
12,17
13,20
14,21
15,22
16,24
17,25
18,26
19,27
20,28
21,30
22,31
23,32
24,33
25,34
26,35
27,36
28,37
<end>
</var/ftp/usrflash/Project/PMAC Script Language/PLC Programs/02-vec.plc>,2
0,11
1,12
2,13
3,14
4,15
5,18
6,19
7,20
8,21
9,22
10,24
11,25
12,26
13,27
14,30
15,31
16,33
17,34
18,35
19,38
20,39
21,40
22,41
23,46
24,47
25,50
26,51
27,57
28,59
29,63
30,66
31,67
32,68
33,70
34,71
35,72
36,73
37,74
38,75
39,76
40,77
41,80
42,81
43,82
44,83
45,84
46,85
47,88
48,91
49,93
50,94
51,95
52,96
53,99
54,100
55,101
56,103
57,107
58,108
59,111
60,112
61,114
62,115
63,118
64,119
65,120
66,123
67,124
68,125
69,127
70,128
71,130
<end>
</var/ftp/usrflash/Project/PMAC Script Language/PLC Programs/03-home_gonio.plc>,3
0,14
1,17
2,18
3,19
4,20
5,22
6,23
7,24
8,25
9,26
10,28
11,29
12,30
13,32
14,33
15,34
16,35
17,36
18,39
19,40
20,41
21,42
22,43
23,44
24,45
25,46
26,49
27,50
28,51
29,53
30,56
31,57
32,58
33,62
34,63
35,64
36,65
37,67
38,68
39,69
40,70
41,71
42,73
43,74
44,75
45,77
46,78
47,79
48,80
49,81
50,84
51,85
52,86
53,87
54,89
55,90
56,91
57,92
58,93
59,95
60,96
61,97
62,99
63,100
64,101
65,102
66,103
67,106
68,107
69,108
70,109
71,110
72,111
73,112
74,113
75,115
76,117
77,118
78,119
79,121
80,123
81,124
82,125
83,126
84,127
85,129
86,131
87,132
<end>
</var/ftp/usrflash/Project/PMAC Script Language/PLC Programs/07-kill-idle.plc>,4
0,4
1,5
2,8
3,10
4,11
5,12
6,13
7,14
8,15
9,16
10,17
11,18
12,19
13,20
14,21
15,22
16,23
<end>
</var/ftp/usrflash/Project/PMAC Script Language/PLC Programs/08-home_shutter.plc>,5
0,2
1,3
2,4
3,5
4,6
5,7
6,8
7,9
8,10
<end>
</var/ftp/usrflash/Project/PMAC Script Language/PLC Programs/13-home_sy.plc>,6
0,4
1,5
2,6
3,7
4,8
5,9
6,10
7,13
8,14
9,16
10,19
11,21
12,22
<end>
