</var/ftp/usrflash/Project/PMAC Script Language/Libraries/calc_vec_vars.pmc>,100000
0,5
1,6
2,7
3,8
4,9
5,11
6,14
7,17
8,19
9,20
10,21
11,22
12,23
13,26
14,27
15,28
16,29
17,30
18,31
19,32
20,34
21,36
22,37
23,38
24,40
25,41
26,42
27,43
28,44
29,46
30,47
31,50
32,51
33,54
34,56
35,57
36,58
<end>
</var/ftp/usrflash/Project/PMAC Script Language/Libraries/pos_comp.pmc>,100001
0,28
1,30
2,31
3,32
4,33
5,35
6,38
7,39
8,40
9,41
10,42
11,45
12,46
13,47
14,48
15,49
16,51
17,52
18,54
19,55
20,56
21,57
22,59
23,61
24,62
25,63
26,64
27,65
28,66
<end>
</var/ftp/usrflash/Project/PMAC Script Language/Libraries/pos_comp.pmc>,100002
0,69
1,70
2,71
3,72
4,73
5,74
6,75
7,76
8,77
9,78
10,79
11,80
12,81
13,83
14,84
15,85
16,86
17,87
18,88
19,89
20,90
21,91
22,92
23,93
24,94
25,95
26,97
27,98
28,99
29,100
<end>
</var/ftp/usrflash/Project/PMAC Script Language/Libraries/sync_vec_pos.pmc>,100003
0,6
1,7
2,8
3,9
4,11
5,12
6,13
7,14
8,15
9,16
10,17
11,18
12,19
13,20
<end>
</var/ftp/usrflash/Project/PMAC Script Language/Libraries/timer.pmc>,100004
0,3
1,4
2,5
<end>
</var/ftp/usrflash/Project/PMAC Script Language/PLC Programs/01-poweronreset.plc>,1
0,2
1,3
2,4
3,5
4,6
5,7
6,8
7,10
8,11
9,12
10,14
11,17
12,18
13,19
14,22
15,23
16,24
17,26
18,27
19,28
20,29
21,30
22,32
23,33
24,34
25,35
26,36
27,37
28,38
29,39
<end>
</var/ftp/usrflash/Project/PMAC Script Language/PLC Programs/02-vec.plc>,2
0,11
1,12
2,13
3,14
4,15
5,18
6,19
7,20
8,21
9,22
10,24
11,25
12,26
13,27
14,30
15,32
16,33
17,34
18,37
19,38
20,39
21,40
22,43
23,45
24,46
25,49
26,50
27,51
28,52
29,53
30,56
31,57
32,58
33,60
34,61
35,62
36,63
37,64
38,65
39,66
40,67
41,68
42,69
43,70
44,71
45,72
46,73
47,76
48,79
49,81
50,82
51,83
52,84
53,87
54,88
55,89
56,91
57,92
58,93
59,96
60,97
61,99
62,102
63,103
64,104
65,105
66,108
67,109
68,110
69,112
70,113
71,115
<end>
</var/ftp/usrflash/Project/PMAC Script Language/PLC Programs/03-home_gonio.plc>,3
0,14
1,17
2,18
3,19
4,20
5,22
6,23
7,24
8,25
9,26
10,28
11,29
12,30
13,32
14,33
15,34
16,35
17,36
18,39
19,40
20,41
21,42
22,43
23,44
24,45
25,46
26,49
27,50
28,51
29,53
30,56
31,57
32,58
33,62
34,63
35,64
36,65
37,67
38,68
39,69
40,70
41,71
42,73
43,74
44,75
45,77
46,78
47,79
48,80
49,81
50,84
51,85
52,86
53,87
54,89
55,90
56,91
57,92
58,93
59,95
60,96
61,97
62,99
63,100
64,101
65,102
66,103
67,106
68,107
69,108
70,109
71,110
72,111
73,112
74,113
75,115
76,117
77,118
78,119
79,121
80,123
81,124
82,125
83,126
84,127
85,129
86,131
87,132
<end>
</var/ftp/usrflash/Project/PMAC Script Language/PLC Programs/07-kill-idle.plc>,4
0,4
1,5
2,8
3,10
4,11
5,12
6,13
7,14
8,15
9,16
10,17
11,18
12,19
13,20
14,21
15,22
16,23
<end>
</var/ftp/usrflash/Project/PMAC Script Language/PLC Programs/08-home_shutter.plc>,5
0,2
1,3
2,4
3,5
4,6
5,7
6,8
7,9
8,10
<end>
</var/ftp/usrflash/Project/PMAC Script Language/PLC Programs/13-home_sy.plc>,6
0,4
1,5
2,6
3,7
4,8
5,9
6,10
7,13
8,14
9,16
10,19
11,21
12,22
<end>
